((("stop" .
   [1 0 0 0])
  ("tty" .
   [4 0 0])
  ("have_tty" .
   [0 0 0 0 1 0 0 0])
  ("get_pid" .
   [1 0 0 1 0 0 0])
  ("pid" .
   [3 0 0])
  ("exit" .
   [1 0 0 0])
  ("to_be_not_to_be" .
   [0 0 1 0 0 0 0 0 0 0 0 0 0 0 0])
  ("/dev/null" .
   [2 0 0 0 0 0 0 0 0])
  ("alive_parent" .
   [0 0 0 0 0 0 1 0 0 0 0 1])
  ("logger" .
   [2 0 0 0 0 0])
  ("parent_pid" .
   [2 0 0 0 0 0 0 0 0 0])
  ("exist_pid" .
   [0 0 0 0 0 1 0 0 0])
  ("ppid" .
   [1 0 0 0])
  ("svn" .
   [1 0 0])
  ("pwd" .
   [1 0 0])
  ("profile_option" .
   [0 0 0 0 0 0 0 2 0 0 0 0 0 0])
  ("deploy" .
   [1 0 0 0 0 0])
  ("mvn" .
   [1 0 0])
  ("error_exit" .
   [0 0 0 0 0 3 1 0 0 0])
  ("pom_ns" .
   [1 0 0 1 0 0])
  ("maven_home" .
   [0 0 0 0 0 0 0 0 0 1])
  ("check_deploy" .
   [0 0 0 0 0 0 0 0 1 0 0 0])
  ("cmd_deploy" .
   [0 0 0 0 0 0 1 0 0 0])
  ("-ne" .
   [1 0 0])
  ("-eq" .
   [2 0 0])
  ("else" .
   [4 0 0 0])
  ("check_server_element" .
   [0 0 0 0 0 0 0 0 0 1 0 0 0 0 0 0 0 0 0 0])
  ("server_id" .
   [0 0 0 0 0 0 0 1 0])
  ("then" .
   [8 0 0 0])
  ("check_maven" .
   [0 0 0 0 0 0 0 1 0 0 0])
  ("settings_ns" .
   [0 0 0 0 0 0 0 0 0 0 1])
  ("check_element" .
   [1 0 0 0 0 0 0 1 2 0 0 0 0])
  ("xml_file" .
   [2 0 0 0 0 0 0 0])
  ("xpath" .
   [5 0 0 0 0])
  ("--format" .
   [1 0 0 0 0 0 0 0])
  ("settings_xml" .
   [1 0 0 0 0 0 0 0 1 2 0 0])
  ("settings" .
   [1 0 0 0 1 0 0 0])
  ("command" .
   [1 0 0 0 0 0 0])
  ("repo_url" .
   [0 0 0 0 0 0 1 0])
  ("get_repo_url" .
   [0 0 0 1 0 0 0 0 0 0 0 0])
  ("package_name" .
   [0 0 0 0 0 0 0 2 0 0 0 0])
  ("build" .
   [2 0 0 0 0])
  ("list" .
   [1 0 0 0])
  ("cmd_help" .
   [0 0 0 0 0 1 0 0])
  ("cmd_build" .
   [2 0 0 0 0 0 0 0 0])
  ("cmd_list" .
   [0 0 0 1 0 0 0 0])
  ("function" .
   [4 0 0 0 0 0 0 0])
  ("hoge" .
   [4 0 0 0])
  ("fuga" .
   [6 0 0 0])
  ("echo" .
   [20 0 0 0])
  ("local" .
   [28 0 0 0 0])
  ("foo" .
   [3 0 0])
  ("bar" .
   [2 0 0])
  ("dest_file" .
   [0 0 0 0 2 0 0 0 0])
  ("if" .
   [1 0])
  ("-d" .
   [1 0])
  ("eval" .
   [2 0 0 0])
  ("-e" .
   [2 0])
  ("file" .
   [0 0 2 0])
  ("cmd" .
   [3 0 0])
  ("sed" .
   [1 0 0])
  ("&&" .
   [1 0])
  ("run" .
   [1 0 0])
  ("profile_option_arg" .
   [2 0 0 0 0 0 0 0 1 0 0 0 0 0 0 0 0 0])))
